24.1
22.1
22.2
19.8
27.0
25.8
17.5
32.6
21.6
17.4
27.6
22.4
22.2
29.0
26.3
30.7
25.3
17.0
23.2
24.7
18.4
20.8
15.6
18.7
25.7
16.8
19.4
28.1
22.6
27.3
22.1
20.3
25.5
20.6
22.4
21.7
29.4
29.5
28.5
20.4
16.0
19.6
28.4
32.1
24.3
19.3
29.5
29.0
16.8
16.4
21.7
19.3
19.3
20.3
31.2
23.2
28.5
23.8
16.2
25.5
17.0
26.1
25.7
26.0
30.7
30.5
22.4
31.8
24.5
18.8
17.0
18.2
17.3
16.0
19.3
23.3
15.1
31.4
30.1
19.1
15.6
16.0
17.7
22.5
29.5
21.6
19.4
31.0
15.2
27.7
19.8
17.7
25.8
23.6
22.4
31.4
21.5
16.7
16.1
23.4
