21.7
24.8
24.0
24.6
18.3
20.1
24.4
21.6
23.0
18.2
21.1
24.5
24.0
18.7
23.3
18.4
19.0
19.0
19.2
20.2
24.0
18.5
18.3
18.2
22.8
18.4
23.3
22.7
20.0
20.2
19.1
18.4
25.7
20.1
21.1
19.5
21.2
19.2
19.6
22.3
20.2
24.2
22.4
21.5
18.2
20.0
19.6
18.7
18.3
24.8
22.6
23.1
18.8
20.8
21.3
21.8
24.0
21.7
19.5
18.5
24.0
19.7
22.4
18.4
22.4
22.7
21.4
22.0
23.8
20.1
23.1
19.6
19.3
21.7
20.5
25.5
24.8
18.4
24.2
19.8
22.1
19.4
20.5
23.2
23.0
24.4
21.6
20.0
19.1
26.6
22.6
18.5
22.0
18.3
19.0
21.3
21.4
20.8
23.5
22.4
