29.6
16.4
23.0
24.1
29.3
19.2
24.1
27.5
26.1
31.4
32.4
25.1
17.7
29.1
28.3
15.3
16.1
20.6
17.8
27.3
28.4
27.7
27.0
22.5
19.7
29.5
28.7
22.4
24.2
26.3
18.7
25.7
23.5
30.6
26.1
29.2
24.1
23.4
31.8
15.4
20.5
29.8
20.8
27.3
19.5
26.5
25.4
27.7
32.7
26.6
16.1
26.0
16.5
20.0
19.4
27.3
27.2
21.5
23.3
18.4
28.5
32.1
18.8
29.5
25.8
17.2
16.7
18.5
26.2
25.5
32.8
31.3
15.1
30.0
27.8
16.6
17.1
29.5
26.8
20.5
26.4
18.7
28.0
18.0
28.0
28.5
16.7
32.3
27.1
27.0
20.6
17.5
20.5
22.0
28.5
28.7
29.3
27.1
21.0
16.2
