9/9/2022 281 895 87 47
11/6/2022 126 1635 47 16
13/9/2022 114 1273 93 80
16/7/2022 294 582 42 11
9/4/2022 209 682 84 40
27/5/2022 35 1189 75 74
6/9/2022 272 613 67 83
5/3/2022 201 1063 131 39
17/12/2022 8 200 59 69
24/3/2022 3 957 105 45
13/9/2022 342 177 83 80
20/5/2022 279 542 111 44
1/3/2022 203 990 84 96
11/3/2022 191 1503 136 30
18/10/2022 96 424 67 35
19/12/2022 158 310 26 58
19/12/2022 40 1395 107 4
3/5/2022 305 46 49 78
25/9/2022 148 1396 77 81
20/9/2022 132 133 92 12
31/8/2022 117 1095 19 16
9/12/2022 10 1185 65 33
4/12/2022 349 930 9 34
31/2/2022 202 1655 66 99
9/11/2022 92 1366 91 16
4/3/2022 127 422 146 79
31/2/2022 329 653 114 57
14/6/2022 37 815 118 29
18/10/2022 222 1135 76 52
29/11/2022 265 1353 140 55
23/10/2022 2 829 49 21
24/9/2022 114 29 86 62
2/12/2022 73 1227 82 13
6/11/2022 31 1278 127 85
30/7/2022 194 593 130 53
8/7/2022 91 504 53 9
25/5/2022 153 1337 27 4
24/1/2022 209 857 17 1
26/11/2022 127 1200 92 67
1/7/2022 128 326 139 93
5/2/2022 158 264 130 90
25/1/2022 207 522 71 69
7/3/2022 76 286 41 34
3/12/2022 315 1219 111 7
23/1/2022 258 1066 119 93
4/12/2022 261 437 143 3
23/8/2022 256 345 95 36
17/9/2022 20 825 115 70
6/9/2022 335 41 35 81
6/3/2022 119 703 42 97
27/6/2022 230 694 25 58
12/2/2022 73 259 25 19
16/12/2022 23 460 90 77
25/9/2022 337 1093 57 8
30/6/2022 32 712 14 44
10/5/2022 97 696 102 48
11/12/2022 191 215 94 87
31/1/2022 334 457 17 72
2/1/2022 89 1216 50 43
19/7/2022 176 923 3 68
23/9/2022 57 469 2 74
5/10/2022 210 97 49 41
18/3/2022 152 1479 107 70
10/12/2022 185 524 40 3
23/11/2022 1 17 25 69
23/12/2022 261 1252 36 31
2/2/2022 115 615 6 5
16/12/2022 63 226 102 40
24/4/2022 84 893 58 2
17/8/2022 224 1335 29 20
14/3/2022 112 442 123 38
29/7/2022 292 1546 0 40
10/10/2022 292 332 84 71
16/1/2022 301 1200 137 55
14/8/2022 194 943 143 49
26/7/2022 126 1009 74 84
14/11/2022 45 13 23 91
12/4/2022 201 899 29 63
7/11/2022 302 1392 7 77
3/7/2022 98 970 44 22
29/12/2022 43 957 114 22
17/5/2022 139 300 76 47
14/7/2022 158 465 7 8
8/1/2022 72 662 22 40
14/8/2022 123 988 143 97
26/1/2022 293 622 1 86
31/12/2022 256 228 141 11
14/11/2022 53 511 118 62
3/10/2022 14 559 113 14
6/8/2022 211 1135 56 94
8/6/2022 14 1161 125 17
24/12/2022 348 1516 142 39
2/9/2022 185 1629 110 91
3/6/2022 275 210 13 55
2/10/2022 206 1201 50 21
16/12/2022 303 1272 97 98
26/2/2022 94 1016 13 8
26/5/2022 80 735 85 72
15/2/2022 237 519 139 66
31/3/2022 207 1633 36 99
6/7/2022 207 28 110 95
30/9/2022 68 550 143 62
22/2/2022 121 780 111 9
25/10/2022 229 182 23 85
20/9/2022 280 778 47 69
17/9/2022 2 856 80 83
11/6/2022 101 154 19 54
27/9/2022 236 712 34 71
18/10/2022 124 1411 50 97
7/2/2022 119 754 85 49
5/4/2022 43 568 98 38
12/8/2022 155 625 92 34
5/6/2022 118 603 34 68
30/10/2022 58 463 37 80
2/12/2022 67 526 52 47
17/10/2022 50 142 23 99
21/7/2022 253 183 44 3
16/4/2022 87 855 29 75
1/3/2022 274 107 76 79
13/4/2022 13 820 102 50
21/9/2022 114 1315 48 3
27/4/2022 308 1020 31 61
16/2/2022 69 1169 104 74
26/6/2022 248 286 124 14
2/2/2022 49 822 112 18
10/4/2022 52 913 138 18
8/6/2022 322 805 49 81
13/12/2022 329 1180 130 96
15/6/2022 305 370 69 95
26/11/2022 91 1357 14 15
19/3/2022 208 818 36 83
28/9/2022 236 525 70 34
23/6/2022 90 14 26 73
11/12/2022 307 1350 95 8
30/1/2022 305 823 113 94
28/3/2022 200 67 50 10
28/1/2022 12 122 27 17
11/1/2022 249 751 27 76
7/11/2022 247 1044 114 23
30/9/2022 39 1157 82 97
12/6/2022 119 1536 64 88
19/11/2022 140 1331 17 66
29/7/2022 23 613 135 55
28/3/2022 228 978 52 50
1/10/2022 92 54 27 77
28/8/2022 114 1495 8 76
21/4/2022 115 1212 36 5
25/4/2022 179 524 67 72
13/6/2022 256 95 68 91
5/2/2022 219 60 12 99
13/10/2022 275 1239 120 9
15/5/2022 106 659 136 16
4/4/2022 36 1064 70 25
16/4/2022 58 40 62 27
16/11/2022 65 1508 50 61
30/4/2022 25 98 26 50
20/9/2022 188 1373 16 5
27/6/2022 211 812 7 51
7/10/2022 60 754 127 77
13/8/2022 94 85 119 0
18/6/2022 22 753 124 28
19/7/2022 189 682 48 34
17/6/2022 237 1073 5 19
12/8/2022 89 669 89 11
28/9/2022 225 1442 40 57
18/3/2022 178 727 70 42
16/5/2022 345 566 27 51
30/10/2022 175 619 130 22
22/2/2022 147 125 92 92
5/7/2022 132 49 105 87
4/9/2022 206 1082 35 97
4/11/2022 158 587 116 32
19/8/2022 257 1511 122 50
5/7/2022 330 1031 70 96
3/9/2022 221 167 102 85
14/11/2022 167 50 80 85
20/9/2022 231 1654 58 91
15/5/2022 219 1291 138 18
14/10/2022 40 1297 140 8
2/3/2022 270 15 121 36
18/11/2022 122 51 18 75
19/5/2022 79 276 115 38
21/7/2022 4 60 58 83
20/5/2022 169 652 86 24
6/11/2022 242 1184 62 76
23/4/2022 263 204 50 26
10/11/2022 39 260 137 67
1/5/2022 215 782 52 34
30/9/2022 206 1076 56 3
23/8/2022 246 968 81 56
6/10/2022 49 915 94 66
14/8/2022 246 759 98 0
27/2/2022 297 1615 7 73
1/10/2022 235 382 35 63
4/12/2022 86 1173 121 35
18/6/2022 252 153 85 74
9/4/2022 14 210 73 68
29/12/2022 31 656 23 94
23/11/2022 316 414 122 78
30/4/2022 264 718 69 42
24/4/2022 208 1103 121 23
27/8/2022 3 145 131 41
15/4/2022 349 100 131 67
7/5/2022 89 845 54 26
17/6/2022 188 108 73 45
16/6/2022 83 597 60 48
21/11/2022 140 281 104 13
18/1/2022 35 878 49 69
21/4/2022 11 661 29 95
12/8/2022 105 1280 78 39
28/10/2022 167 1640 16 54
8/1/2022 80 52 129 73
28/9/2022 127 990 59 82
21/12/2022 86 1391 88 95
6/8/2022 320 1455 11 95
10/7/2022 260 1204 16 13
29/12/2022 302 1400 98 0
9/8/2022 317 977 52 1
1/2/2022 159 1557 98 87
18/6/2022 40 145 78 50
12/1/2022 80 170 5 34
28/8/2022 73 819 120 66
25/11/2022 348 370 64 82
7/8/2022 203 722 144 79
1/10/2022 102 1464 135 90
11/2/2022 113 1530 144 32
12/4/2022 301 820 18 37
29/12/2022 291 5 115 36
23/7/2022 171 1402 24 12
12/7/2022 307 863 32 63
17/10/2022 345 398 37 49
3/12/2022 63 1367 64 86
13/7/2022 21 731 37 60
30/9/2022 3 826 48 38
2/12/2022 148 1227 117 93
30/11/2022 229 99 7 90
30/6/2022 216 563 125 42
26/4/2022 67 460 39 78
14/7/2022 288 1264 82 87
27/8/2022 237 1215 106 71
26/12/2022 149 705 26 83
17/9/2022 131 1158 128 40
5/11/2022 146 1510 137 14
3/6/2022 329 1530 108 76
5/9/2022 13 737 119 56
30/8/2022 154 58 118 38
23/2/2022 235 135 38 51
3/12/2022 203 1514 116 53
19/7/2022 112 929 104 69
2/5/2022 130 815 20 82
15/10/2022 91 899 98 64
27/1/2022 111 83 32 95
15/6/2022 115 586 40 62
14/5/2022 295 810 86 60
15/8/2022 76 792 26 6
18/5/2022 3 1456 133 14
1/10/2022 20 198 92 33
11/9/2022 88 349 40 13
25/6/2022 184 446 10 40
7/12/2022 39 559 108 38
10/5/2022 311 1247 53 67
11/5/2022 10 1442 3 71
10/12/2022 233 1479 101 39
21/4/2022 294 1515 130 80
28/12/2022 282 173 74 89
26/1/2022 26 547 8 15
29/9/2022 94 723 28 90
3/12/2022 73 1316 96 9
12/8/2022 283 1533 122 15
26/5/2022 75 1405 87 33
17/2/2022 167 1039 56 99
5/6/2022 95 1090 80 45
10/7/2022 123 1204 76 69
26/6/2022 25 1086 30 6
18/3/2022 72 960 59 82
16/9/2022 82 1061 97 65
30/3/2022 14 660 19 27
25/12/2022 154 761 1 24
3/7/2022 228 1279 47 99
6/1/2022 237 1148 114 15
18/2/2022 177 1487 50 63
3/2/2022 195 427 38 98
21/1/2022 189 282 57 54
23/1/2022 320 1516 67 98
22/2/2022 280 1258 149 52
5/6/2022 240 28 67 80
15/4/2022 220 258 124 20
11/3/2022 273 648 36 42
3/12/2022 91 701 71 49
12/3/2022 141 1577 3 34
18/2/2022 348 1116 35 74
3/2/2022 298 1225 22 8
7/7/2022 29 483 114 16
8/4/2022 298 826 86 81
16/3/2022 80 181 118 26
10/2/2022 138 762 52 12
14/5/2022 218 1002 81 88
31/7/2022 106 1450 138 32
23/10/2022 27 1195 6 19
5/7/2022 30 511 87 52
10/4/2022 287 1408 74 84
18/10/2022 173 1106 121 78
10/3/2022 235 590 97 90
26/11/2022 167 76 4 0
18/9/2022 95 630 76 70
11/12/2022 259 138 103 76
23/1/2022 104 1307 10 78
1/9/2022 308 1293 69 78
3/8/2022 226 534 79 24
11/11/2022 21 1237 15 0
